ID              logM*  e_logM*  E_logM*  SFR_5   e_SFR_5  E_SFR_5  SFR_10  e_SFR_10  E_SFR_10  SFR_100  e_SFR_100  E_SFR_100  t50   e_t50  E_t50  logZ*  e_logZ*  E_logZ*  logZ_gas  e_logZ_gas  E_logZ_gas
-----------------------------------------------------------------------------------------------------------------------------------------------------------------------------------------------------------
J132633+421824  9.14   0.18     0.15     10.89   1.41     3.48     13.94   2.89      5.44      7.50     1.02       2.97       0.06  0.04   0.50   -1.39  0.18     0.12     -0.50     0.02        0.01      
J155945+403325  9.07   0.32     0.26     16.64   3.81     4.90     14.19   3.22      3.77      3.89     0.88       1.41       0.25  0.22   2.55   -1.17  0.18     0.17     -0.54     0.01        0.01      
J131037+214817  9.89   0.19     0.20     25.23   4.34     5.78     21.13   2.81      4.08      7.82     2.99       3.56       2.43  1.72   2.31   -1.03  0.16     0.23     -0.30     0.01        0.01      
J124619+444902  8.79   0.30     0.30     19.25   3.76     5.05     19.20   3.40      2.93      3.26     0.91       2.09       0.04  0.03   1.38   -1.17  0.21     0.13     -0.47     0.02        0.02      
J101401+523251  9.50   0.17     0.13     1.59    0.60     0.89     3.96    1.39      1.59      3.51     0.93       1.30       2.13  1.32   1.86   -1.35  0.22     0.22     -0.36     0.06        0.06      
J140333+612115  8.30   0.18     0.15     6.43    0.94     4.50     5.46    1.04      2.63      1.68     0.44       0.40       0.02  0.01   0.01   -1.53  0.19     0.17     -0.44     0.07        0.04      
J134559+112848  10.64  0.24     0.20     174.32  14.76    29.79    115.98  13.35     13.37     33.05    12.43      17.55      2.79  1.99   2.08   -0.71  0.17     0.22     -0.42     0.02        0.01      
J003601+003307  9.27   0.57     0.34     19.73   2.55     3.12     10.43   1.38      1.87      1.42     0.33       0.51       3.96  2.68   1.20   -1.23  0.14     0.18     -0.38     0.02        0.02      
J095700+235709  10.82  0.10     0.13     84.78   45.55    34.18    78.48   35.36     31.11     77.34    25.12      23.27      0.89  0.41   2.24   -1.24  0.16     0.13     -0.14     0.01        0.01      
J144010+461937  9.95   0.23     0.17     41.40   20.34    23.73    39.52   19.89     18.05     35.48    10.86      11.33      0.21  0.15   1.29   -1.12  0.13     0.13     -0.45     0.02        0.02      
J103816+452718  9.65   0.22     0.23     419.23  58.89    44.88    236.81  28.45     26.97     36.57    9.60       13.27      0.01  0.01   0.05   -0.84  0.21     0.14     -0.28     0.01        0.01      
J072326+414608  9.27   0.28     0.22     14.68   6.87     8.86     13.44   6.56      6.67      6.57     1.31       2.27       0.32  0.27   2.67   -1.20  0.19     0.13     -0.51     0.01        0.01      
J124835+123403  9.06   0.26     0.23     23.76   5.28     4.45     16.68   1.92      2.09      3.66     0.94       1.95       0.36  0.32   3.79   -0.94  0.09     0.15     -0.59     0.01        0.01      
J120934+305326  9.16   0.13     0.20     18.50   8.29     6.45     15.36   6.75      4.56      8.13     2.00       3.54       0.08  0.04   1.45   -1.05  0.16     0.10     -0.40     0.01        0.01      
J095236+405249  9.22   0.27     0.23     12.50   3.91     4.21     9.34    2.29      2.16      2.56     0.64       1.09       1.51  1.29   2.61   -0.93  0.30     0.22     -0.49     0.03        0.04      
J130059+451057  9.99   0.17     0.12     0.72    0.43     1.24     0.95    0.50      1.16      2.22     0.75       1.14       3.29  1.91   1.46   -1.07  0.32     0.30     -0.34     0.11        0.05      
J151707+370512  8.98   0.17     0.19     17.48   3.33     3.20     32.95   7.28      5.07      5.76     0.73       2.47       0.02  0.01   0.97   -1.38  0.17     0.11     -0.31     0.01        0.01      
J121915+453930  9.05   0.14     0.23     2.66    0.68     1.07     2.98    0.71      1.99      3.45     1.12       1.01       0.21  0.15   2.65   -1.22  0.10     0.15     -0.61     0.03        0.03      
J091207+523960  10.22  0.18     0.16     25.17   2.76     4.08     14.87   1.70      2.01      3.78     1.14       1.74       4.92  2.02   0.82   -0.73  0.31     0.59     -0.18     0.02        0.01      
J172010+542133  9.26   0.19     0.16     2.89    0.64     1.29     6.24    1.91      3.08      2.87     0.56       0.99       2.62  2.11   1.87   -1.49  0.19     0.23     -0.61     0.04        0.03      
J124423+021540  8.56   0.10     0.14     43.19   5.40     3.33     25.44   1.75      2.13      3.05     0.27       0.68       0.00  0.00   0.01   -0.96  0.10     0.12     -0.50     0.01        0.01      
J095838+202508  8.70   0.04     0.13     10.37   2.30     3.75     8.75    1.79      3.54      4.72     0.54       1.67       0.02  0.00   0.01   -1.68  0.14     0.15     -0.56     0.07        0.06      
J125503+255609  9.54   0.21     0.16     11.95   3.34     3.39     10.98   3.00      2.38      3.25     0.75       1.04       3.61  2.35   1.10   -1.32  0.19     0.15     -0.47     0.03        0.05      
J125718+410221  8.81   0.35     0.29     12.15   2.58     3.17     8.70    1.60      1.32      1.60     0.34       0.73       1.52  1.48   2.11   -0.98  0.17     0.14     -0.46     0.02        0.02      
J012217+052044  9.38   0.28     0.22     10.98   3.17     3.48     8.62    1.75      1.63      2.62     0.84       1.07       2.49  1.73   1.74   -1.05  0.26     0.23     -0.46     0.04        0.04      
J123519+063556  9.40   0.29     0.07     29.73   8.74     3.51     19.96   1.23      3.24      3.21     0.68       1.79       2.82  2.10   1.02   -1.25  0.18     0.11     -0.46     0.03        0.03      
J132937+573315  10.30  0.17     0.14     44.88   25.99    28.42    40.75   25.03     29.85     50.71    12.20      18.75      0.24  0.10   0.72   -1.02  0.27     0.18     -0.52     0.01        0.01      
J164849+495751  8.93   0.30     0.31     2.47    0.64     1.19     2.83    0.86      0.97      1.63     0.54       0.61       1.49  1.33   2.38   -1.04  0.26     0.17     -0.61     0.02        0.03      
J091208+505009  9.27   0.23     0.13     9.16    1.38     2.29     8.75    1.81      3.30      12.62    4.20       4.06       0.06  0.03   0.04   -1.31  0.23     0.20     -0.49     0.02        0.02      
J082652+182052  9.35   0.15     0.22     3.84    0.85     1.38     5.49    1.35      1.30      2.25     0.71       0.72       3.82  2.87   1.34   -1.29  0.26     0.22     -0.46     0.05        0.05      
J141013+434435  9.06   0.37     0.38     16.31   3.90     2.83     11.91   1.76      2.09      2.50     0.89       1.28       1.40  1.31   3.07   -1.31  0.19     0.12     -0.50     0.02        0.03      
J081112+414146  8.55   0.36     0.20     9.89    2.57     1.91     6.11    0.76      0.95      1.07     0.30       0.33       0.67  0.65   1.96   -1.00  0.13     0.18     -0.48     0.03        0.03      
J130128+510451  9.81   0.28     0.19     23.20   6.62     7.87     28.91   8.34      7.92      8.78     2.20       3.73       2.55  2.01   2.04   -1.34  0.21     0.16     -0.51     0.01        0.04      
J135008+662438  9.32   0.25     0.16     3.06    0.54     1.83     5.65    1.73      1.84      3.68     1.05       1.70       1.39  1.13   2.53   -1.26  0.23     0.16     -0.53     0.03        0.02      
J080425+472607  9.14   0.45     0.45     8.69    2.37     2.85     6.52    1.00      1.80      1.43     0.42       0.83       2.56  2.12   2.04   -0.97  0.32     0.22     -0.86     0.01        0.01      
J160437+081959  9.35   0.23     0.15     9.84    1.15     1.59     6.30    0.72      0.65      1.19     0.30       0.53       4.13  2.39   1.13   -0.87  0.25     0.18     -0.48     0.03        0.01      
J103344+635317  9.42   0.20     0.18     15.43   2.85     8.26     17.79   3.56      9.39      14.87    2.79       4.90       0.07  0.04   0.80   -1.43  0.18     0.17     -0.51     0.01        0.02      
J093355+510925  8.24   0.41     0.44     3.21    0.43     0.50     5.05    0.67      0.87      0.67     0.08       0.22       0.18  0.17   3.64   -1.67  0.14     0.15     -0.75     0.01        0.00      
J105331+523753  9.19   0.18     0.25     174.38  22.23    16.42    93.64   8.35      11.42     11.37    2.11       2.95       0.00  0.00   0.08   -1.04  0.20     0.17     -0.38     0.01        0.01      
J154050+572442  9.81   0.27     0.30     163.51  20.41    26.79    102.96  14.16     11.51     18.90    4.04       8.40       1.50  1.46   2.51   -0.73  0.14     0.22     -0.33     0.01        0.01      
J115855+312559  10.10  0.14     0.11     18.81   5.66     12.42    27.03   9.63      20.83     17.54    2.95       5.56       2.72  1.82   1.59   -1.31  0.18     0.14     -0.41     0.01        0.01      
J105525+485724  9.93   0.17     0.05     5.34    2.18     2.15     3.87    1.16      2.10      6.33     1.58       3.72       0.47  0.24   0.13   -1.69  0.14     0.43     -0.52     0.01        0.01      
J110452+475204  9.03   0.34     0.19     12.32   2.77     3.23     9.75    1.48      1.26      2.44     0.74       1.03       1.16  1.08   2.32   -1.06  0.18     0.14     -0.56     0.05        0.03      
J112224+412052  8.76   0.54     0.22     3.80    0.52     2.49     4.47    1.17      1.94      1.62     0.27       0.33       0.91  0.89   3.03   -1.48  0.18     0.21     -0.55     0.02        0.04      
J164607+313054  9.06   0.27     0.20     9.34    2.94     2.04     7.18    1.98      1.41      3.07     0.72       1.08       0.74  0.66   2.26   -1.09  0.17     0.13     -0.52     0.01        0.01      
J124911+464535  8.74   0.24     0.21     6.38    1.84     1.91     8.68    2.72      1.82      2.76     0.62       1.25       0.07  0.05   1.10   -1.41  0.24     0.14     -0.53     0.02        0.02      
J004743+015440  9.78   0.42     0.33     132.62  17.52    17.69    75.72   11.05     8.90      10.89    2.32       4.45       1.60  1.52   2.70   -0.94  0.10     0.14     -0.54     0.02        0.02      
J091703+315221  8.93   0.07     0.07     153.45  17.68    16.71    77.95   8.34      8.61      8.26     1.15       1.20       0.00  0.00   0.00   -0.64  0.12     0.28     -0.20     0.01        0.01      
J102615+633308  8.61   0.34     0.31     7.52    0.52     0.64     4.13    0.21      0.25      0.66     0.13       0.25       2.13  1.82   2.41   -0.61  0.16     0.13     -0.59     0.04        0.04      
J105117+474357  9.43   0.23     0.21     3.63    0.90     1.16     10.52   3.75      2.83      5.71     1.35       1.50       0.66  0.50   2.51   -1.04  0.27     0.13     -0.53     0.01        0.01      
J113304+651341  9.41   0.31     0.26     21.16   3.51     6.10     18.90   2.66      2.72      4.99     1.42       2.61       1.54  1.38   2.96   -1.18  0.15     0.15     -0.53     0.02        0.01      
J112933+493525  9.13   0.36     0.32     7.45    1.86     2.48     7.21    1.26      1.79      2.85     0.97       1.24       1.51  1.36   2.59   -1.06  0.18     0.15     -0.50     0.02        0.03      
J092552+395714  9.41   0.38     0.28     24.44   5.17     3.87     15.20   1.80      1.74      2.93     0.71       1.46       2.27  1.86   2.28   -0.94  0.18     0.19     -0.54     0.02        0.02      
J112848+524509  9.83   0.26     0.19     25.89   5.44     5.76     21.27   3.05      3.21      7.15     2.23       6.24       2.16  1.55   1.93   -0.85  0.18     0.18     -0.57     0.02        0.02      
J131419+104739  10.10  0.17     0.14     18.14   3.50     6.09     20.61   5.39      9.27      26.86    5.47       7.61       0.49  0.30   2.41   -1.13  0.14     0.18     -0.43     0.02        0.02      
J124033+212716  8.83   0.08     0.13     8.57    1.09     1.23     8.43    1.34      1.60      6.07     0.77       1.54       0.02  0.00   0.01   -1.60  0.14     0.14     -0.61     0.05        0.06      
J115959+382422  8.74   0.23     0.23     4.04    1.06     1.41     3.31    0.68      0.87      0.86     0.21       0.29       2.11  1.63   2.33   -1.29  0.27     0.21     -0.61     0.05        0.03      
J091113+183108  10.42  0.30     0.24     112.38  15.11    20.90    85.39   10.31     12.41     22.29    7.35       13.80      3.04  2.21   2.22   -1.16  0.16     0.17     -0.24     0.01        0.02      
J011309+000223  9.57   0.30     0.22     8.76    1.81     2.62     5.98    0.76      1.25      2.54     0.82       0.74       4.38  2.41   1.03   -0.41  0.55     0.26     -0.63     0.02        0.03      
J131904+510309  10.53  0.12     0.12     32.16   15.46    16.45    22.27   9.52      10.72     17.33    4.27       6.66       2.35  1.31   1.81   -0.71  0.20     0.40     -0.16     0.01        0.01      
J130559+422638  8.24   0.26     0.26     7.64    2.75     2.25     4.99    1.25      1.46      1.03     0.37       0.32       0.05  0.04   1.07   -1.24  0.27     0.24     -0.75     0.01        0.01      
J083440+480541  8.95   0.07     0.08     24.39   2.95     3.03     18.19   1.90      2.94      7.97     1.13       1.64       0.02  0.00   0.01   -1.47  0.18     0.11     -0.38     0.01        0.02      
J094001+593244  9.98   0.25     0.17     18.58   5.18     3.73     13.03   2.51      3.71      6.82     1.47       2.48       2.15  1.37   2.12   -0.76  0.15     0.35     -0.30     0.02        0.01      
J012910+145935  9.84   0.18     0.14     11.08   5.20     6.15     16.65   7.01      7.83      16.10    3.53       3.99       1.61  1.39   1.93   -1.33  0.21     0.12     -0.41     0.02        0.03      
